1
11
56
192
517
1183
2408
4488
7809
12859
20240
30680
45045
64351
89776
122672
164577
217227
282568
362768
460229
577599
717784
883960
1079585
1308411
1574496
1882216
2236277
2641727
3103968
3628768
4222273
4891019
5641944
6482400
7420165
8463455
9620936
10901736
12315457
13872187
15582512
17457528
19508853
21748639
24189584
26844944
29728545
32854795
36238696
39895856
43842501
48095487
52672312
57591128
62870753
68530683
74591104
81072904
87997685
95387775
103266240
111656896
120584321
130073867
140151672
150844672
162180613
174188063
186896424
200335944
214537729
229533755
245356880
262040856
279620341
298130911
317609072
338092272
359618913
382228363
405960968
430858064
456961989
484316095
512964760
542953400
574328481
607137531
641429152
677253032
714659957
753701823
794431648
836903584
881172929
927296139
975330840
1025335840
1077371141
1131497951
1187778696
1246277032
1307057857
1370187323
1435732848
1503763128
1574348149
1647559199
1723468880
1802151120
1883681185
1968135691
2055592616
2146131312
2239832517
2336778367
2437052408
2540739608
2647926369
2758700539
2873151424
2991369800
3113447925
3239479551
3369559936
3503785856
3642255617
3785069067
3932327608
4084134208
4240593413
4401811359
4567895784
4738956040
4915103105
5096449595
5283109776
5475199576
5672836597
5876140127
6085231152
6300232368
6521268193
6748464779
6981950024
7221853584
7468306885
7721443135
7981397336
8248306296
8522308641
8803544827
9092157152
9388289768
9692088693
10003701823
10323278944
10650971744
10986933825
11331320715
11684289880
12046000736
12416614661
12796295007
13185207112
13583518312
13991397953
14409017403
14836550064
15274171384
15722058869
16180392095
16649352720
17129124496
17619893281
18121847051
18635175912
19160072112
19696730053
20245346303
20806119608
21379250904
21964943329
22563402235
23174835200
23799452040
24437464821
25089087871
25754537792
26434033472
27127796097
27836049163
28559018488
29296932224
30050020869
30818517279
31602656680
32402676680
33218817281
34051320891
34900432336
35766398872
36649470197
37549898463
38467938288
39403846768
40357883489
41330310539
42321392520
43331396560
44360592325
45409252031
46477650456
47566064952
48674775457
49804064507
50954217248
52125521448
53318267509
54532748479
55769260064
57028100640
58309571265
59613975691
60941620376
62292814496
63667869957
65067101407
66490826248
67939364648
69413039553
70912176699
72437104624
73988154680
75565661045
77169960735
78801393616
80460302416
82147032737
83861933067
85605354792
87377652208
89179182533
91010305919
92871385464
94762787224
96684880225
98638036475
100622630976
102639041736
104687649781
106768839167
108882996992
111030513408
113211781633
115427197963
117677161784
119962075584
122282344965
124638378655
127030588520
129459389576
131925200001
134428441147
136969537552
139548916952
142167010293
144824251743
147521078704
150257931824
153035255009
155853495435
158713103560
161614533136
164558241221
167544688191
170574337752
173647656952
176765116193
179927189243
183134353248
186387088744
189685879669
193031213375
196423580640
199863475680
203351396161
206887843211
210473321432
214108338912
217793407237
221529041503
225315760328
229154085864
233044543809
236987663419
240983977520
245034022520
249138338421
253297468831
257511960976
261782365712
266109237537
270493134603
274934618728
279434255408
283992613829
288610266879
293287791160
298025767000
302824778465
307685413371
312608263296
317593923592
322642993397
327756075647
332933777088
338176708288
343485483649
348860721419
354303043704
359813076480
365391449605
371038796831
376755755816
382542968136
388401079297
394330738747
400332599888
406407320088
412555560693
418777987039
425075268464
431448078320
437897093985
444422996875
451026472456
457708210256
464468903877
471309251007
478229953432
485231717048
492315251873
499481272059
506730495904
514063645864
521481448565
528984634815
536573939616
544250102176
552013865921
559865978507
567807191832
575838262048
583959949573
592173019103
600478239624
608876384424
617368231105
625954561595
634636162160
643413823416
652288340341
661260512287
670331142992
679501040592
688771017633
698141891083
707614482344
717189617264
726868126149
736650843775
746538609400
756532266776
766632664161
776840654331
787157094592
797582846792
808118777333
818765757183
829524661888
840396371584
851381771009
862481749515
873697201080
885029024320
896478122501
908045403551
919731780072
931538169352
943465493377
955514678843
967686657168
979982364504
992402741749
1004948734559
1017621293360
1030421373360
1043349934561
1056407941771
1069596364616
1082916177552
1096368359877
1109953895743
1123673774168
1137528989048
1151520539169
1165649428219
1179916664800
1194323262440
1208870239605
1223558619711
1238389431136
1253363707232
1268482486337
1283746811787
1299157731928
1314716300128
1330423574789
1346280619359
1362288502344
1378448297320
1394761082945
1411227942971
1427849966256
1444628246776
1461563883637
1478657981087
1495911648528
